"","V1","V2","V3","V4","V5","V6"
"1",1,0.406257898441365,0.271909201723908,0.0754631348078199,0.201894654466578,0.225481649233547
"2",0.406257898441365,1,0.292038504521285,0.218430196786082,0.268068077304575,0.291824366304928
"3",0.271909201723908,0.292038504521285,1,0.0783637389330596,0.173047273786368,0.118287560296433
"4",0.0754631348078199,0.218430196786082,0.0783637389330596,1,0.36734641826871,0.325659536896337
"5",0.201894654466578,0.268068077304575,0.173047273786368,0.36734641826871,1,0.43965056775481
"6",0.225481649233547,0.291824366304928,0.118287560296433,0.325659536896337,0.43965056775481,1
